1526288171902
1526288172985
1526288173995
1526288175000
1526288176004
1526288177017
1526288178030
1526288179037
1526288180047
1526288181055
1526288182063
1526288183073
1526288184077
1526288185082
1526288186090
1526288187092
1526288188097
1526288189100
1526288190104
1526288191106
1526288192111
1526288193114
1526288194119
1526288195121
1526288196127
1526288197130
1526288198134
1526288199137
1526288200143
1526288201145
1526288202150
1526288203152
1526288204157
1526288205162
1526288206167
1526288207168
1526288208177
1526288209179
1526288210184
1526288211185
1526288212193
1526288213195
1526288214199
1526288215203
1526288216209
1526288217214
1526288218218
1526288219222
1526288220227
1526288221230
1526288222235
1526288223242
1526288224248
1526288225257
1526288226260
1526288227263
1526288228271
1526288229277
1526288230281
1526288231286
1526288232291
